346.0
346.7
347.5
348.2
348.9
349.7
350.4
351.1
351.9
352.6
353.3
354.1
354.8
355.5
356.3
357.0
357.7
358.5
359.2
359.9
0.7
1.4
2.1
2.9
3.6
4.3
5.1
5.8
6.5
7.3
8.0
8.7
9.5
10.2
10.9
11.7
12.4
13.1
13.9
14.6
15.3
16.1
16.8
17.5
18.3
19.0
19.6
20.2
20.9
21.5
22.1
22.7
23.4
24.0
24.6
25.2
25.8
26.5
27.1
27.7
28.3
29.0
29.6
30.2
30.8
31.4
32.1
32.7
33.3
33.9
34.6
35.2
35.8
36.4
37.0
37.7
38.3
38.9
39.5
40.2
40.8
41.4
42.0
42.6
43.3
43.9
44.5
45.1
45.8
46.4
47.0
48.4
49.8
51.3
52.7
54.1
55.5
57.0
58.4
59.8
61.2
62.6
64.1
65.5
66.9
68.3
69.8
71.2
72.6
74.0
75.4
76.9
78.3
79.7
81.1
82.6
84.0
85.4
86.8
88.2
89.7
91.1
92.5
93.9
95.4
96.8
98.2
99.6
101.0
102.5
103.9
105.3
106.7
108.2
109.6
111.0
112.5
114.1
115.6
117.1
118.7
120.2
121.7
123.3
124.8
126.3
127.9
129.4
130.9
132.5
134.0
135.5
137.1
138.6
140.1
141.7
143.2
144.7
146.3
147.8
149.3
150.9
152.4
153.9
155.5
157.0
158.5
160.1
161.6
163.1
164.7
166.2
167.7
169.3
170.8
172.3
173.9
175.4
176.9
178.5
180.0
181.5
183.1
184.6
186.1
187.7
189.2
190.7
192.3
193.8
195.3
196.9
198.4
199.9
201.5
203.0
204.5
206.1
207.6
209.1
210.7
212.2
213.7
215.3
216.8
218.3
219.9
221.4
222.9
224.5
226.0
227.5
229.1
230.6
232.1
233.7
235.2
236.7
238.3
239.8
241.3
242.9
244.4
245.9
247.5
249.0
249.9
250.9
251.8
252.7
253.7
254.6
255.5
256.5
257.4
258.3
259.3
260.2
261.1
262.1
263.0
263.9
264.9
265.8
266.7
267.7
268.6
269.5
270.5
271.4
272.3
273.3
274.2
275.1
276.1
277.0
277.9
278.9
279.8
280.7
281.7
282.6
283.5
284.5
285.4
286.3
287.3
288.2
289.1
290.1
291.0
291.6
292.2
292.9
293.5
294.1
294.7
295.4
296.0
296.6
297.2
297.8
298.5
299.1
299.7
300.3
301.0
301.6
302.2
302.8
303.4
304.1
304.7
305.3
305.9
306.6
307.2
307.8
308.4
309.0
309.7
310.3
310.9
311.5
312.2
312.8
313.4
314.0
314.6
315.3
315.9
316.5
317.1
317.8
318.4
319.0
319.6
320.2
320.8
321.4
322.0
322.6
323.2
323.8
324.4
325.0
325.6
326.2
326.8
327.4
328.0
328.6
329.2
329.8
330.4
331.0
331.6
332.2
332.8
333.4
334.0
334.6
335.2
335.8
336.4
337.0
337.6
338.2
338.8
339.4
340.0
340.6
341.2
341.8
342.4
343.0
343.6
344.2
344.8
345.4
346.0
